((("abc" .
   [1 0 0])
  ("fa-play" .
   [1 0 0 0 0 0 0])
  ("else" .
   [1 0 0 0])
  ("Open" .
   [1 0 0 0])
  ("url_type" .
   [1 0 0 0 0 0 0 0])
  ("title" .
   [1 0 0 0 0])
  ("i" .
   [2])
  ("ibuffer" .
   [1 0 0 0 0 0 0])
  ("kbd" .
   [1 0 0])
  ("global-set-key" .
   [0 0 0 0 0 0 0 0 0 0 1 0 0 0])
  ("csv" .
   [2 0 0])
  ("id" .
   [1 0])
  ("pop_id" .
   [1 0 0 0 0 0])
  ("SyncPopulationSerializer" .
   [0 0 0 0 3 1 0 0 0 0 0 0 0 0 0 0 0 0 0 0 0 0 0 0])
  ("new" .
   [4 0 0])
  ("obj" .
   [1 0 0])
  ("lsh" .
   [0 0 1])
  ("Exit" .
   [0 0 0 1])))
